583477831232
583477831232
581749592900
552887661615
552923922021
567722056016
576190545180
564959964333
561994864502
562026961815
551189043587
551189043587
565588130550
565588130550
562069389373
562069389373
576660352817
576698431034
582321809787
582741599315
576260633119
580247688993
559691444425
564382414554
577269106115
577558053255
572929802143
577499486201
577499486201
557516097991
584027858348
572929802143
578341738685
580286494879
564599635065
577407027449
574061119237
521856257274
563793262830
573350523640
557932452230
583477831232
583477831232
584465378073
583514691124
567051095922
